
Código:
-----------------------
int a;
bool b;
b = false;
function int hey (int a){
	b = false;
	return a;
}
-----------------------
Parse: 

Descen 1 4 27 9 30 1 4 27 10 30 1 8 12 17 35 38 41 45 49 53 63 57 52 48 44 40 37 2 20 21 9 27 9 30 33  8 12 17 35 38 41 45 49 53 63 57 52 48 44 40 37 33 8 13 31 35 38 41 45 49 53 59 65 57 52 48 44 40 37 34 3
----------------------


Código:
-----------------------
var bool z;
var int b;
z=true;
b=0;
switch(b)
{
	case 1: z=false;
	default: break;
}

$
-----------------------
Parse: 

1 4 27 10 30 1 4 27 9 30 1 8 12 17 35 38 41 45 49 53 63 57 52 48 44 40 37 1 8 12 17 35 38 41 45 49 53 61 57 52 48 44 40 37 1 7 35 38 41 45 49 53 59 65 57 52 48 44 40 37 66 33 8 12 17 35 38 41 45 49 53 63 57 52 48 44 40 37 34 67 33 8 16 34 3

         

                                         

                                                         
  		
              
                                         

               
               
                
  		
