
Prueba código correcto 1
-----------------------
var int a;
var bool b;
b = false;
function int hey (int a){
	b = false;
	return a;
}
-----------------------
Parse:

Des 1 4 27 9 30 1 4 27 10 30 1 8 12 17 35 38 41 45 49 53 63 57 52 48 44 40 37 2 20 21 9 27 9 30 33 8 12 17 35 38 41 45 49 53 63 57 52 48 44 40 37 33 8 13 31 35 38 41 45 49 53 59 65 57 52 48 44 40 37 34 3
Des 1 4 27 9 30 1 4 27 10 30 1 8 12 17 35 38 41 45 49 53 63 57 52 48 44 40 37 2 20 21 9 27 9 30 33 8 12 17 35 38 41 45 49 53 63 57 52 48 44 40 37 33 8 13 31 35 38 41 45 49 53 59 65 57 52 48 44 40 37 34 3
----------------------



Prueba código correcto 2
-----------------------
var bool z;
var int b;
z=true;
b=0;
switch(b)
{
	case 1: z=false;
	default: break;
}

$
-----------------------
Parse:
Des 1 4 27 10 30 1 4 27 9 30 1 8 12 17 35 38 41 45 49 53 63 57 52 48 44 40 37 1 8 12 17 35 38 41 45 49 53 61 57 52 48 44 40 37 1 7 35 38 41 45 49 53 59 65 57 52 48 44 40 37 66 33 8 12 17 35 38 41 45 49 53 63 57 52 48 44 40 37 34 67 33 8 16 34 3
Des 1 4 27 10 30 1 4 27 9 30 1 8 12 17 35 38 41 45 49 53 63 57 52 48 44 40 37 1 8 12 17 35 38 41 45 49 53 61 57 52 48 44 40 37 1 7 35 38 41 45 49 53 59 65 57 52 48 44 40 37 66 33 8 12 17 35 38 41 45 49 53 63 57 52 48 44 40 37 34 67 33 8 16 34 3


Prueba código correcto 3
-----------------------
if(b<35 || c>1)
	b=c;
var int l;
l = c-1*2;
-----------------------
Parse:
Des 1 5 35 38 41 45 49 53 59 65 57 52 47 49 53 61 57 52 48 44 40 36 38 41 45 49 53 59 65 57 52 46 49 53 61 57 52 48 44 40 37 12 17 35 38 41 45 49 53 59 65 57 52 48 44 40 37 1 4 27 9 30 1 8 12 17 35 38 41 45 49 53 59 65 57 51 53 61 54 61 57 52 48 44 40 37 3
Des 1 5 35 38 41 45 49 53 59 65 57 52 47 49 53 61 57 52 48 44 40 36 38 41 45 49 53 59 65 57 52 46 49 53 61 57 52 48 44 40 37 12 17 35 38 41 45 49 53 59 65 57 52 48 44 40 37 1 4 27 9 30 1 8 12 17 35 38 41 45 49 53 59 65 57 51 53 61 54 61 57 52 48 44 40 37 3
